6 10
1 2 6
1 3 1
1 4 5
2 3 5
2 5 3
3 4 5
3 5 6
3 6 4
4 6 2
5 6 6
5 7
1 2 10
1 4 30
1 5 100
2 3 50
3 5 10
4 3 20
4 5 60
6 14
1 4 50
2 3 94
2 5 96
3 1 98
4 1 17
4 5 87
4 1 6
5 2 89
5 6 83
6 4 56
6 1 35
6 2 15
6 5 2
6 4 17
6 14
1 4 50
2 3 94
2 5 96
3 1 98
4 1 17
4 5 87
4 1 6
5 2 89
5 6 83
6 4 56
6 1 35
6 2 15
6 5 2
6 4 17
7 9
1 4 38
2 7 35
3 1 57
3 2 94
4 3 77
5 6 6
6 5 63
6 5 49
7 6 82
4 5
1 3 74
2 4 41
3 2 14
4 3 76
4 1 73
6 13
1 2 55
1 6 99
1 6 47
2 4 15
2 3 47
2 5 89
2 5 70
3 6 39
4 3 64
4 5 76
5 2 16
5 2 22
6 3 76
5 8
1 2 27
1 3 79
1 5 51
2 1 2
3 4 62
4 2 100
4 3 56
5 1 64
10 21
1 3 53
2 4 72
2 9 69
3 4 94
3 5 86
3 9 38
3 4 12
4 2 5
4 6 78
4 7 7
4 10 69
4 6 23
5 8 14
6 3 1
7 10 43
8 5 38
9 3 39
9 6 89
10 2 56
10 9 90
10 3 48
5 7
1 4 5
2 4 63
2 1 4
2 3 3
3 2 70
4 5 55
5 3 30
4 5
1 4 63
2 4 21
3 2 71
3 1 23
4 3 74
5 10
1 3 8
1 2 96
1 2 29
1 3 82
2 1 91
3 5 11
4 5 78
4 1 72
4 3 37
5 4 60
9 18
1 8 18
2 8 72
3 1 61
4 5 53
4 2 59
5 8 34
5 1 56
5 9 66
6 7 27
6 1 2
6 1 35
7 4 60
7 6 94
8 7 49
8 3 74
9 5 93
9 1 94
9 7 34
5 8
1 3 61
1 5 94
2 3 73
2 3 3
3 4 77
3 4 44
4 3 74
5 2 67
5 8
1 2 41
1 2 84
2 1 63
2 3 10
3 5 8
4 2 39
5 4 61
5 3 72
6 9
1 2 24
2 3 65
2 6 75
2 6 47
3 5 38
4 1 82
5 3 19
6 4 12
6 5 93
5 7
1 4 42
2 1 37
3 4 68
4 5 29
4 2 54
5 4 10
5 3 74
5 8
1 5 39
1 2 72
2 5 48
3 4 16
3 5 93
3 4 12
4 5 58
5 3 6
6 7
1 6 29
2 3 68
3 5 52
3 4 20
4 2 92
5 3 67
6 4 18
10 21
1 5 69
1 10 28
2 1 49
2 5 94
2 10 83
2 4 72
2 8 70
3 9 94
4 8 78
4 5 15
4 5 5
5 10 85
5 6 44
6 7 96
7 10 12
8 9 94
9 3 93
9 2 99
9 4 91
10 2 100
10 6 91
7 16
1 6 24
1 7 19
1 5 51
2 3 98
2 4 37
3 7 92
3 5 7
3 1 11
4 3 14
5 2 52
5 4 81
5 3 45
5 4 44
5 6 42
6 3 46
7 6 79
0 0
