0
0.0204802
0.0413797
0.0627074
0.0844718
0.106682
0.129347
0.152476
0.176079
0.200165
0.224745
0.249828
0.275425
0.301545
0.328201
0.355403
0.383162
0.411489
0.440397
0.469896
0.5
0.53072
0.56207
0.594061
0.626708
0.660023
0.69402
0.728714
0.764119
0.800248
0.837117
0.874742
0.913137
0.952318
0.992302
1.0331
1.07474
1.11723
1.1606
1.20484
1.25
1.29608
1.3431
1.39109
1.44006
1.49003
1.54103
1.59307
1.64618
1.70037
1.75568
1.81211
1.86971
1.92848
1.98845
2.04966
2.11211
2.17585
2.24089
2.30727
2.375
2.44412
2.51466
2.58664
2.66009
2.73505
2.81155
2.88961
2.96927
3.05056
3.13351
3.21817
3.30456
3.39272
3.48268
3.57449
3.66817
3.76378
3.86134
3.9609
4.0625
4.16618
4.27198
4.37996
4.49014
4.60258
4.71732
4.83441
4.9539
5.07584
5.20027
5.32725
5.45684
5.58907
5.72402
5.86173
6.00226
6.14566
6.29201
6.44135
6.59375
6.74927
6.90798
7.06993
7.23521
7.40387
7.57598
7.75162
7.93085
8.11376
8.30041
8.49088
8.68525
8.88361
9.08603
9.29259
9.50339
9.7185
9.93801
10.162
10.3906
10.6239
10.862
11.1049
11.3528
11.6058
11.864
12.1274
12.3963
12.6706
12.9506
13.2363
13.5279
13.8254
14.129
14.4389
14.7551
15.0777
15.407
15.743
16.0859
16.4359
16.7929
17.1574
17.5292
17.9087
18.296
18.6911
19.0944
19.5059
19.9259
20.3545
20.7918
21.2381
21.6936
22.1583
22.6326
23.1166
23.6105
24.1146
24.6289
25.1538
25.6894
26.236
26.7938
27.363
27.9439
28.5367
29.1416
29.7589
30.3889
31.0317
31.6877
32.3572
33.0403
33.7375
34.4489
35.1749
35.9158
36.6718
37.4434
38.2307
39.0341
39.854
40.6907
41.5446
42.4159
43.3051
44.2124
45.1384
46.0833
47.0476
48.0316
49.0358
50.0605
51.1062
52.1734
53.2624
54.3737
55.5078
56.665
57.846
59.0512
60.2811
61.5361
62.8169
64.1238
65.4576
66.8186
68.2076
69.625
71.0714
72.5474
74.0537
75.5908
77.1594
78.7601
80.3936
82.0605
83.7616
85.4976
87.269
89.0768
90.9216
92.8042
94.7253
96.6858
98.6864
100.728
102.811
104.937
107.107
109.321
111.58
113.886
116.239
118.64
121.09
123.591
126.142
128.746
131.404
134.115
136.882
139.706
142.588
145.529
148.53
151.592
154.717
157.906
161.161
164.482
167.871
171.329
174.859
