16 5
2 2 6 5 5
20 6
2 2 6 5 5 5
34 3
21 10 5 
362 19
25 26 26 2 28 2 12 36 23 28 37 32 5 23 34 13 23 22 37 
351 19
12 19 30 33 28 20 36 15 24 12 3 14 34 25 22 32 14 29 28 
109 5
4 22 10 19 37 
242 16
9 27 1 23 25 9 7 6 11 10 11 31 7 22 34 29 
204 10
37 1 7 17 12 29 25 40 27 4 
298 18
39 3 10 22 34 36 40 19 25 11 18 27 34 27 22 26 5 33 
173 11
18 33 27 11 2 37 36 8 16 15 32 
274 13
7 31 28 32 8 18 18 8 34 24 26 30 10 
431 19
31 14 9 21 32 3 16 11 40 25 18 29 4 36 2 3 31 12 37 
348 15
40 29 5 2 15 14 40 19 19 21 29 8 28 9 14 
163 9
8 22 31 18 14 35 30 17 16 
200 12
10 40 37 39 24 25 9 5 10 30 23 36 
93 6
24 4 28 35 24 9 
18 3
19 21 37 
373 19
10 38 33 23 19 13 39 20 31 18 39 32 16 9 37 32 3 35 33 
246 16
3 7 36 34 30 23 5 17 2 39 3 12 22 20 38 37 
209 13
36 33 1 31 4 30 22 9 2 30 16 24 3 
117 6
38 33 13 10 35 2 
176 10
10 9 13 26 36 35 30 2 33 26 
18 3
34 20 24 
396 20
8 10 30 38 27 30 34 36 18 17 7 26 9 3 16 15 35 22 37 32 
113 7
36 26 14 33 9 33 26 
321 14
39 7 23 2 25 37 23 10 2 16 11 14 27 5 
439 20
14 25 35 31 26 10 27 34 35 23 9 19 28 26 39 32 3 26 38 15 
374 15
13 40 34 31 8 18 39 18 14 31 4 29 33 26 23 
24 3
8 26 24 
97 5
22 22 4 33 26 
287 14
1 14 15 31 11 36 34 32 1 17 28 6 31 21 
295 15
25 20 6 17 15 19 23 12 27 39 34 12 5 19 25 
352 20
1 8 21 7 11 38 11 36 17 28 4 39 5 30 3 7 6 8 18 35 
128 6
24 1 23 3 4 37 
301 18
36 6 25 21 3 37 31 7 12 12 12 28 34 1 31 5 29 4 
15 3
8 38 1 
359 19
24 1 38 5 38 29 34 8 2 11 21 29 34 25 6 21 32 25 36 
292 17
31 24 6 37 17 27 38 7 38 18 32 30 2 17 23 18 33 
336 18
26 2 24 10 30 6 40 13 17 16 14 3 25 15 15 13 18 10 
208 13
32 36 28 9 36 19 24 23 35 32 22 16 20 
101 6
31 27 15 6 24 11 
376 19
34 15 38 15 37 34 17 26 3 29 2 21 14 2 16 16 23 23 12 
278 18
33 4 17 34 1 34 36 33 19 11 18 13 33 16 10 32 1 9 
147 6
30 31 26 34 35 12 
17 3
6 25 22 
69 4
16 9 13 38 
156 10
2 28 28 22 10 1 14 15 2 38 
392 16
25 2 33 40 31 29 28 5 36 27 19 11 8 8 5 24 
39 3
1 5 23 
318 20
33 31 6 16 20 24 23 19 8 25 9 12 25 34 36 26 33 27 39 10 
59 3
26 10 25 
145 6
29 39 31 2 4 13 
295 13
4 22 24 24 8 1 10 16 6 29 24 28 9 
77 4
10 24 10 2 
158 9
21 22 39 35 9 27 11 30 4 
198 11
28 17 24 36 27 26 39 14 30 25 29 
79 4
18 7 25 36 
405 19
2 30 17 25 36 5 23 36 34 23 37 29 33 27 7 14 30 5 26 
132 7
16 14 6 37 17 22 15 
277 15
17 39 3 36 16 12 31 2 26 12 38 27 11 11 23 
228 15
17 13 9 23 34 15 24 35 24 17 29 5 38 14 30 
155 9
39 19 11 36 2 25 24 37 4 
239 10
29 3 14 35 21 3 4 32 10 39 
471 20
4 26 22 25 33 6 34 19 30 3 19 38 11 22 35 29 2 40 14 36 
200 10
12 25 38 16 36 16 11 40 13 9 
55 3
16 32 22 
310 16
19 34 29 18 13 37 10 34 9 22 31 4 4 29 25 19 
24 3
32 14 28 
318 14
26 37 30 11 39 30 14 7 1 37 10 28 9 40 
76 5
17 37 7 27 8 
40 3
7 22 23 
41 3
26 3 24 
268 12
39 3 28 28 2 13 17 31 35 10 5 37 
173 11
37 33 15 26 29 9 12 33 12 35 40 
345 19
13 30 40 39 24 39 27 20 19 7 37 23 34 39 23 27 33 38 6 
199 8
33 9 3 21 36 16 3 8 
393 17
18 29 12 17 31 10 6 19 30 1 21 1 28 3 16 36 33 
34 3
39 27 35 
144 7
39 24 36 36 2 36 16 
195 9
26 25 38 3 2 5 30 30 11 
78 4
34 37 35 5 
235 12
26 18 5 18 24 25 11 9 9 2 6 33 
222 14
10 1 15 20 24 12 22 10 20 6 6 26 17 11 
264 16
7 14 35 30 21 16 14 30 2 13 9 39 32 29 27 31 
54 3
20 31 33 
45 3
5 35 5 
55 3
21 35 13 
47 3
18 30 6 
350 16
24 35 2 13 33 40 29 33 3 8 9 16 29 24 40 35 
86 5
40 39 26 7 7 
17 3
28 13 37 
283 15
23 12 17 24 29 4 23 19 17 21 32 23 17 11 6 
86 5
38 10 4 15 38 
166 9
37 24 29 8 27 32 18 13 24 
145 8
29 26 39 38 4 34 22 11 
167 9
15 30 2 26 28 34 34 35 33 
210 13
22 3 18 38 11 23 5 22 31 24 38 24 20 
327 16
3 31 23 19 7 8 31 9 12 19 14 21 24 7 23 11 
234 13
2 39 24 28 26 19 2 18 31 15 39 19 22 
78 4
10 36 6 36 
126 7
34 1 11 9 9 13 34 
24 3
38 13 23 
