3
2 1
3 1
2 3
2
67 81
0 9
5
78 116
62 86
5 30
81 108
61 72
6
42 69
36 67
4 26
53 65
82 103
16 54
6
47 53
71 89
69 101
67 86
35 49
3 14
3
33 66
64 85
11 24
9
47 51
62 99
37 56
23 44
29 47
16 51
90 92
88 114
40 62
5
48 54
5 15
29 39
50 56
1 34
9
29 52
84 118
56 57
66 82
31 59
44 83
26 29
37 55
18 20
10
41 74
15 54
58 82
30 47
6 39
86 107
45 49
72 102
29 46
73 90
3
86 96
61 97
55 62
6
74 105
52 82
50 71
24 30
30 57
91 98
8
57 64
53 76
45 74
9 47
21 49
22 48
6 36
13 21
1
91 93
6
10 49
24 41
48 51
95 96
2 32
91 127
5
20 56
21 49
99 127
84 85
34 47
10
18 36
0 28
27 54
28 41
48 51
7 28
10 27
13 47
9 25
35 46
1
49 88
7
98 121
24 32
44 53
89 111
95 100
93 116
23 50
5
3 11
0 18
18 38
96 134
81 110
9
9 46
72 94
38 50
38 57
90 107
58 89
15 23
56 87
2 36
3
55 63
46 48
86 121
4
69 91
44 60
81 119
22 33
2
99 136
76 88
10
75 107
0 30
3 32
61 69
1 30
55 78
2 27
82 87
88 114
17 54
3
32 41
54 55
89 105

7
49 82
95 112
16 22
5 13
82 97
34 68
1 37
2
86 109
13 48
6
53 85
8 40
45 78
56 57
58 64
82 83
5
96 118
29 30
35 45
73 99
44 63
3
39 52
24 58
10 35
10
86 119
74 96
68 86
87 112
58 89
2 27
77 91
14 38
34 68
72 111
4
70 77
97 135
77 90
70 73
9
92 117
2 3
13 40
2 21
27 52
43 47
23 35
61 82
3 35
6
93 98
31 43
42 64
86 110
0 27
60 73
5
70 80
35 68
11 12
96 123
85 115
1
94 109
5
19 24
76 90
58 80
71 97
78 111
2
84 102
64 103
3
0 7
60 66
10 47
1
15 31
8
43 81
64 93
82 88
65 72
77 111
25 52
29 37
23 24
3
62 65
96 113
61 96
6
64 84
2 38
30 36
11 22
11 38
53 54
1
24 52
4
40 51
62 91
0 33
58 76
6
7 44
0 18
39 62
60 97
24 61
8 41
8
1 11
60 88
93 117
5 25
11 35
35 71
72 102
23 28
7
16 42
57 63
57 74
71 100
61 77
22 39
12 49
7
85 86
23 32
29 34
59 71
96 111
53 55
84 98
5
72 89
69 81
63 70
83 114
35 62
9
75 93
23 45
54 85
41 56
59 84
21 51
26 40
5 28
50 88
10
1 34
34 71
34 70
93 109
5 7
48 49
0 13
41 56
55 77
62 73
8
24 62
52 55
96 129
40 73
75 107
18 28
17 29
12 27
2
3 32
75 83
3
97 126
56 57
27 54
2
29 30
13 27
2
77 92
83 96
3
24 25
92 131
70 98
8
84 119
86 104
70 77
47 51
3 24
63 89
63 73
71 80
1
64 86
10
13 44
4 22
32 62
5 20
39 62
22 40
47 71
48 59
64 97
75 100
3
46 84
69 91
19 44
10
44 69
40 45
8 46
70 71
23 35
72 104
87 97
63 84
3 26
27 28
7
90 119
43 73
20 48
67 83
83 118
26 51
38 51
6
13 35
96 124
72 98
6 19
29 33
5 31
3
75 88
65 101
36 57
5
94 110
52 68
38 40
55 70
31 61
2
25 36
37 63
1
50 72
5
93 126
16 28
8 30
33 47
3 37
4
56 84
24 61
13 42
28 29
1
18 36
1
55 56
5
3 39
43 72
2 3
89 117
82 95
5
20 22
23 54
69 107
59 67
19 30
4
45 66
4 36
85 118
98 127
3
38 75
10 31
34 62
2
59 72
15 44
8
69 87
0 11
64 101
15 50
15 25
39 51
88 90
54 59
1
84 98
1
15 46
2
15 54
10 28
4
88 105
32 68
89 122
8 29
1
23 26
9
84 102
0 31
85 99
71 84
67 100
95 103
25 61
29 39
98 127
4
86 87
16 25
67 75
79 103
2
5 31
16 52
7
66 73
81 85
40 46
21 43
21 45
9 24
2 35
5
41 66
62 85
31 37
68 106
2 29
8
81 93
36 66
14 23
84 120
90 103
96 128
54 79
8 16
2
12 23
14 53
9
22 46
95 107
69 108
38 61
18 44
59 77
86 122
62 95
58 80
7
92 129
25 32
58 60
7 25
30 42
0 38
99 131
9
82 102
15 30
62 69
36 73
18 35
28 39
16 46
49 54
58 87
1
40 41
8
62 77
75 107
61 95
98 124
14 40
88 97
38 61
75 110
2
75 90
28 62
1
5 29
8
62 63
24 53
69 79
23 53
33 38
10 27
36 53
78 111
7
14 18
91 120
35 60
37 41
37 60
64 74
8 16
2
85 117
73 85
5
76 102
96 108
49 50
74 93
43 54
2
89 108
65 70
6
16 26
15 24
64 70
93 127
9 29
95 108
6
60 94
72 93
22 49
77 106
5 40
94 124
4
54 55
12 44
39 67
12 14
8
8 23
8 31
59 93
4 10
19 57
45 51
66 86
67 79
8
32 68
74 81
21 24
22 33
76 99
48 51
82 100
76 96
2
82 98
90 95
5
86 123
69 72
34 71
68 96
91 127
4
28 35
26 57
97 109
3 30
9
45 73
85 123
37 40
13 34
50 58
11 21
49 81
54 83
81 106
8
13 46
34 66
72 102
1 3
77 114
70 92
64 85
90 113
8
23 42
95 104
27 29
10 32
58 64
87 117
28 39
58 71
1
83 89
3
10 42
28 62
41 79
4
67 92
38 39
57 87
14 52
9
61 84
56 63
78 87
35 40
75 101
86 119
60 70
48 56
92 125
1
66 81
1
99 136
3
82 90
52 61
44 78
9
52 59
32 47
8 32
97 100
49 64
41 70
0 12
48 51
51 85
4
91 92
54 84
97 136
80 98
2
44 64
87 106
6
83 101
92 125
52 63
60 94
40 57
85 94
1
5 36
3
10 39
78 97
71 108
4
93 113
97 123
76 106
82 100
10
18 27
59 68
24 56
80 88
67 75
77 100
70 77
96 130
22 33
19 20
7
90 93
83 119
32 44
41 75
13 35
96 116
15 39
10
36 37
98 130
87 111
40 77
6 36
41 43
49 52
58 83
21 36
96 132
9
78 97
58 75
50 57
29 30
95 133
76 109
99 123
65 78
8 20
4
29 63
68 83
91 104
22 50
2
86 110
46 63
8
29 65
74 105
69 101
46 59
91 106
49 66
40 52
36 67
8
26 28
55 78
94 114
97 122
65 98
61 79
78 116
40 51
8
45 55
75 84
50 79
33 58
14 16
7 39
96 103
22 24
1
41 72
8
5 44
21 39
51 58
8 14
76 115
89 111
66 72
55 83
5
60 73
77 105
3 24
31 33
55 92
7
52 73
96 97
21 36
47 51
18 33
76 90
59 97
5
53 55
35 38
88 121
32 59
80 86
9
50 51
61 100
55 58
16 29
61 66
73 107
50 83
81 88
99 129
4
65 77
29 50
12 48
81 88
1
71 76
3
32 61
20 25
31 49
4
6 24
48 54
71 77
96 113
1
94 103
9
9 33
69 87
17 32
26 30
68 94
28 45
18 48
99 124
86 125
1
10 41
4
15 20
18 38
31 58
87 91
7
7 8
27 61
31 63
71 99
93 98
37 68
4 41
7
68 90
13 14
42 59
38 66
55 64
47 68
93 117
8
61 74
17 38
82 89
65 98
4 8
95 100
21 25
81 113
7
56 79
93 94
80 108
11 44
68 79
16 55
68 69
2
33 52
63 82
4
36 51
65 99
20 55
80 96
6
25 56
8 47
56 58
32 57
40 55
62 67
3
80 116
97 99
8 9
1
76 94
4
40 66
74 87
97 98
35 67
1
7 42
7
41 69
81 89
15 51
25 34
12 28
55 57
43 65
2
22 54
48 66
9
17 51
50 60
35 74
69 84
3 4
79 118
5 36
61 62
52 85
4
29 56
42 55
83 103
14 52
5
63 92
52 76
69 99
5 12
94 101
7
76 79
40 79
90 118
10 41
45 66
70 93
89 124
9
79 85
62 77
87 123
33 41
35 54
93 123
62 67
1 26
7 14
10
34 65
57 95
45 82
18 56
44 56
63 91
64 65
23 33
4 5
27 64
3
71 74
1 4
21 26
2
45 55
95 116
3
12 43
15 30
93 111
10
82 90
54 76
7 12
38 62
90 109
54 58
23 48
78 82
81 91
33 56
5
30 36
87 92
5 21
50 59
38 41
6
97 106
30 54
8 25
74 75
72 85
55 69
2
56 62
84 119
3
19 40
32 36
79 118
4
67 103
25 63
37 65
19 36
8
91 127
95 115
1 34
32 48
80 115
7 31
74 113
90 126
2
51 60
90 104
3
91 120
87 97
39 52
4
63 64
3 8
76 115
95 114
9
98 101
39 74
21 54
26 28
38 66
81 120
78 89
23 46
34 37
10
2 29
2 23
87 113
91 128
13 14
16 26
62 77
26 36
77 99
60 89
6
74 97
22 57
66 67
38 66
11 16
67 92
8
89 111
63 90
2 19
99 122
26 29
48 59
70 106
58 65
7
5 16
62 81
75 111
31 46
44 75
3 31
15 25
10
72 103
83 96
75 77
69 89
54 92
85 102
33 46
90 113
50 83
22 53
2
90 108
41 59
8
52 70
79 101
83 113
2 10
22 37
35 43
61 83
94 113
9
78 80
57 78
47 76
45 65
13 17
10 31
85 118
4 26
3 25
10
54 63
52 86
49 59
44 48
49 87
65 68
52 65
70 81
47 78
69 107
9
3 35
79 92
43 45
88 91
34 44
22 23
11 23
51 71
77 93
7
78 98
15 43
98 117
35 52
83 105
2 24
20 30
3
73 74
86 94
17 54
3
98 125
49 74
89 101
10
81 84
30 58
31 60
52 82
72 96
7 22
28 29
90 100
77 108
36 55
4
40 73
37 50
30 64
93 115
4
61 71
62 89
97 128
23 33
8
40 63
66 69
61 80
45 71
51 56
1 2
9 26
83 93
9
21 36
81 108
71 78
99 123
79 97
0 10
61 99
5 25
28 47
3
98 99
98 113
81 95
8
93 129
61 87
38 68
38 74
55 92
71 72
52 90
33 48
6
26 27
34 73
93 121
73 105
93 106
37 60
1
11 25
9
27 45
89 97
79 86
49 60
69 104
98 107
36 75
23 26
31 65
2
34 59
67 83
4
4 30
53 81
23 27
92 119
9
69 79
11 25
90 117
43 47
99 133
95 121
58 87
58 67
89 96
1
18 22
6
26 35
3 29
12 13
70 106
95 96
86 97
10
87 90
85 115
50 56
55 76
28 50
77 99
24 29
72 104
85 113
46 55
9
83 88
65 85
45 63
21 36
20 27
73 87
51 86
36 50
1 18
1
74 104
7
71 72
35 60
82 107
18 31
12 49
98 123
62 99
3
39 46
46 69
31 66
2
78 100
69 85
9
39 57
21 47
63 100
75 79
81 101
61 83
2 10
95 99
16 33
8
93 97
44 63
21 39
43 71
77 116
57 58
91 115
23 58
3
29 30
15 30
36 73
10
0 12
93 94
29 37
27 65
24 28
74 87
85 123
70 92
29 33
9 47
4
85 86
24 57
5 17
65 72
8
77 101
4 34
34 45
21 26
34 64
42 80
86 104
21 45
8
76 90
69 97
27 40
68 74
2 40
0 19
18 28
84 103
7
8 40
78 92
87 126
74 94
27 61
88 89
98 100
3
21 45
46 62
9 42
9
61 74
86 90
85 107
42 62
61 81
43 61
87 120
63 94
34 49
7
61 73
11 50
51 69
70 74
7 14
84 115
1 10
9
41 71
13 25
55 75
93 125
2 38
43 56
66 77
75 83
32 33
2
71 85
47 81
4
29 38
66 73
56 88
70 89
7
22 25
60 93
5 16
59 85
87 116
42 79
45 81
9
52 86
66 99
60 99
31 49
67 83
98 132
20 33
7 36
16 18
3
7 30
60 87
93 123
8
43 59
14 40
17 31
20 31
92 96
54 80
93 117
75 76
3
0 31
76 95
43 80
10
61 86
72 106
44 45
63 87
46 54
8 45
30 33
64 98
46 83
81 119
2
92 123
32 35
2
91 112
30 48
6
2 32
57 58
67 97
66 73
71 108
45 49
9
71 78
15 47
11 28
5 18
71 91
40 50
75 76
90 107
98 124
5
89 120
44 72
10 48
19 38
27 36
4
40 75
66 99
9 46
17 31
4
35 53
93 96
93 119
51 71
5
37 51
12 29
51 66
17 29
92 129
1
13 29
1
89 117
6
62 83
46 75
48 56
24 55
54 89
27 60
1
62 69
8
17 37
42 62
0 38
76 110
35 65
31 46
37 60
22 29
7
34 42
39 44
96 128
62 74
31 58
64 101
48 84
