34 3
21 10 5 
362 19
25 26 26 2 28 2 12 36 23 28 37 32 5 23 34 13 23 22 37 
351 19
12 19 30 33 28 20 36 15 24 12 3 14 34 25 22 32 14 29 28 
109 5
4 22 10 19 37 
242 16
9 27 1 23 25 9 7 6 11 10 11 31 7 22 34 29 
204 10
37 1 7 17 12 29 25 40 27 4 
298 18
39 3 10 22 34 36 40 19 25 11 18 27 34 27 22 26 5 33 
173 11
18 33 27 11 2 37 36 8 16 15 32 
274 13
7 31 28 32 8 18 18 8 34 24 26 30 10 
431 19
31 14 9 21 32 3 16 11 40 25 18 29 4 36 2 3 31 12 37 
348 15
40 29 5 2 15 14 40 19 19 21 29 8 28 9 14 
163 9
8 22 31 18 14 35 30 17 16 
200 12
10 40 37 39 24 25 9 5 10 30 23 36 
93 6
24 4 28 35 24 9 
40 3
19 21 37 
373 19
10 38 33 23 19 13 39 20 31 18 39 32 16 9 37 32 3 35 33 
246 16
3 7 36 34 30 23 5 17 2 39 3 12 22 20 38 37 
209 13
36 33 1 31 4 30 22 9 2 30 16 24 3 
117 6
38 33 13 10 35 2 
176 10
10 9 13 26 36 35 30 2 33 26 
44 3
34 20 24 
396 20
8 10 30 38 27 30 34 36 18 17 7 26 9 3 16 15 35 22 37 32 
113 7
36 26 14 33 9 33 26 
321 14
39 7 23 2 25 37 23 10 2 16 11 14 27 5 
439 20
14 25 35 31 26 10 27 34 35 23 9 19 28 26 39 32 3 26 38 15 
374 15
13 40 34 31 8 18 39 18 14 31 4 29 33 26 23 
24 3
8 26 24 
97 5
22 22 4 33 26 
287 14
1 14 15 31 11 36 34 32 1 17 28 6 31 21 
295 15
25 20 6 17 15 19 23 12 27 39 34 12 5 19 25 
352 20
1 8 21 7 11 38 11 36 17 28 4 39 5 30 3 7 6 8 18 35 
128 6
24 1 23 3 4 37 
301 18
36 6 25 21 3 37 31 7 12 12 12 28 34 1 31 5 29 4 
15 3
8 38 1 
359 19
24 1 38 5 38 29 34 8 2 11 21 29 34 25 6 21 32 25 36 
292 17
31 24 6 37 17 27 38 7 38 18 32 30 2 17 23 18 33 
336 18
26 2 24 10 30 6 40 13 17 16 14 3 25 15 15 13 18 10 
208 13
32 36 28 9 36 19 24 23 35 32 22 16 20 
101 6
31 27 15 6 24 11 
376 19
34 15 38 15 37 34 17 26 3 29 2 21 14 2 16 16 23 23 12 
278 18
33 4 17 34 1 34 36 33 19 11 18 13 33 16 10 32 1 9 
147 6
30 31 26 34 35 12 
17 3
6 25 22 
69 4
16 9 13 38 
156 10
2 28 28 22 10 1 14 15 2 38 
392 16
25 2 33 40 31 29 28 5 36 27 19 11 8 8 5 24 
39 3
1 5 23 
318 20
33 31 6 16 20 24 23 19 8 25 9 12 25 34 36 26 33 27 39 10 
59 3
26 10 25 
145 6
29 39 31 2 4 13 
295 13
4 22 24 24 8 1 10 16 6 29 24 28 9 
77 4
10 24 10 2 
158 9
21 22 39 35 9 27 11 30 4 
198 11
28 17 24 36 27 26 39 14 30 25 29 
79 4
18 7 25 36 
405 19
2 30 17 25 36 5 23 36 34 23 37 29 33 27 7 14 30 5 26 
132 7
16 14 6 37 17 22 15 
277 15
17 39 3 36 16 12 31 2 26 12 38 27 11 11 23 
228 15
17 13 9 23 34 15 24 35 24 17 29 5 38 14 30 
155 9
39 19 11 36 2 25 24 37 4 
239 10
29 3 14 35 21 3 4 32 10 39 
471 20
4 26 22 25 33 6 34 19 30 3 19 38 11 22 35 29 2 40 14 36 
200 10
12 25 38 16 36 16 11 40 13 9 
55 3
16 32 22 
310 16
19 34 29 18 13 37 10 34 9 22 31 4 4 29 25 19 
24 3
32 14 28 
318 14
26 37 30 11 39 30 14 7 1 37 10 28 9 40 
76 5
17 37 7 27 8 
40 3
7 22 23 
41 3
26 3 24 
268 12
39 3 28 28 2 13 17 31 35 10 5 37 
173 11
37 33 15 26 29 9 12 33 12 35 40 
345 19
13 30 40 39 24 39 27 20 19 7 37 23 34 39 23 27 33 38 6 
199 8
33 9 3 21 36 16 3 8 
393 17
18 29 12 17 31 10 6 19 30 1 21 1 28 3 16 36 33 
34 3
39 27 35 
144 7
39 24 36 36 2 36 16 
195 9
26 25 38 3 2 5 30 30 11 
78 4
34 37 35 5 
235 12
26 18 5 18 24 25 11 9 9 2 6 33 
222 14
10 1 15 20 24 12 22 10 20 6 6 26 17 11 
264 16
7 14 35 30 21 16 14 30 2 13 9 39 32 29 27 31 
54 3
20 31 33 
45 3
5 35 5 
55 3
21 35 13 
47 3
18 30 6 
350 16
24 35 2 13 33 40 29 33 3 8 9 16 29 24 40 35 
86 5
40 39 26 7 7 
17 3
28 13 37 
283 15
23 12 17 24 29 4 23 19 17 21 32 23 17 11 6 
86 5
38 10 4 15 38 
166 9
37 24 29 8 27 32 18 13 24 
145 8
29 26 39 38 4 34 22 11 
167 9
15 30 2 26 28 34 34 35 33 
210 13
22 3 18 38 11 23 5 22 31 24 38 24 20 
327 16
3 31 23 19 7 8 31 9 12 19 14 21 24 7 23 11 
234 13
2 39 24 28 26 19 2 18 31 15 39 19 22 
78 4
10 36 6 36 
126 7
34 1 11 9 9 13 34 
24 3
38 13 23 
194 9
35 9 13 8 33 16 9 25 18 
89 4
21 13 9 4 
234 12
34 12 1 15 31 18 40 21 19 12 25 21 
125 8
4 19 13 34 13 12 1 35 
17 3
26 10 21 
111 6
33 11 30 19 20 12 
393 18
21 18 27 37 31 23 19 40 19 10 40 10 5 33 21 9 8 9 
374 18
3 12 20 2 17 11 4 4 37 13 13 22 35 14 23 37 21 16 
99 5
17 1 39 33 28 
116 5
3 10 4 39 26 
46 3
37 39 19 
495 20
39 37 34 20 25 6 14 9 13 4 10 35 9 16 32 14 3 29 12 27 
77 5
38 30 37 35 32 
193 10
12 16 30 18 1 13 37 32 8 27 
69 3
21 18 26 
113 6
22 19 39 39 21 12 
170 8
16 10 31 30 14 26 15 3 
167 8
3 3 11 2 32 28 26 40 
47 3
9 7 37 
422 20
27 7 16 29 15 21 14 18 29 24 22 32 3 16 38 27 33 22 17 2 
47 3
5 39 16 
348 17
35 14 3 36 4 9 34 33 28 1 7 39 11 2 2 40 16 
73 4
2 6 34 35 
224 11
31 4 26 13 10 22 33 37 22 8 11 
272 12
33 30 1 6 32 19 14 7 19 29 7 12 
129 7
29 30 25 10 19 18 16 
118 7
31 40 26 7 40 21 31 
213 12
16 6 39 21 12 28 28 5 27 28 1 28 
271 15
29 14 6 18 32 5 38 7 9 23 14 1 23 18 39 
155 9
10 8 22 14 25 28 2 14 18 
47 3
26 34 25 
95 5
6 22 5 22 33 
130 7
1 29 12 34 9 12 17 
368 20
1 12 14 20 24 20 14 17 16 6 35 1 36 1 17 16 6 32 9 40 
407 17
26 1 16 3 6 3 1 37 38 3 29 1 21 37 19 14 21 
130 7
16 33 1 28 36 27 22 
190 9
37 26 10 13 17 16 3 4 23 
48 3
19 9 38 
250 15
11 16 40 10 16 24 1 20 40 26 32 22 2 13 34 
237 14
3 14 4 21 15 39 5 24 30 13 25 10 31 6 
154 8
8 7 37 4 21 40 31 29 
214 11
36 19 20 7 23 16 8 37 34 9 16 
393 20
31 3 6 2 26 8 8 30 15 32 18 39 26 38 19 39 5 13 4 29 
98 5
11 5 2 28 38 
213 13
22 4 2 6 22 6 11 16 22 23 13 32 16 
338 16
40 3 9 15 23 28 6 19 25 11 20 35 5 24 26 39 
81 5
11 14 24 35 11 
150 7
10 19 4 16 18 10 31 
112 5
35 1 13 14 16 
261 15
17 7 25 36 23 40 22 33 5 20 40 4 28 37 6 
453 19
40 18 18 12 37 36 21 22 34 33 17 21 36 28 25 35 40 31 37 
31 3
10 11 15 
211 13
30 28 11 40 14 14 24 2 24 6 17 40 16 
498 20
4 40 36 22 34 27 3 39 29 22 40 19 12 24 24 35 4 30 23 28 
66 3
38 14 1 
412 17
16 7 11 38 23 21 30 26 35 24 3 36 7 1 39 29 12 
107 6
26 28 30 23 24 28 
48 3
27 4 9 
236 12
19 8 17 6 12 3 20 16 37 12 16 5 
250 12
40 33 32 24 14 16 3 10 21 35 39 26 
443 18
11 24 31 34 3 32 12 31 19 2 19 8 33 19 40 23 4 31 
72 3
16 16 9 
44 3
20 29 19 
47 3
30 26 21 
219 14
35 10 33 35 30 11 5 5 10 39 26 4 33 14 
228 11
33 40 14 4 3 9 4 35 11 23 1 
251 12
21 38 17 37 19 21 16 29 39 20 36 18 
62 4
23 23 21 11 
67 3
13 19 28 
182 10
20 2 4 11 29 32 30 33 31 13 
115 5
11 18 32 37 20 
93 4
31 35 34 23 
90 4
23 28 38 32 
66 4
4 22 20 6 
158 7
11 19 22 16 22 28 32 
159 8
25 20 19 21 11 22 39 6 
22 3
39 1 19 
241 16
15 8 14 37 2 27 19 31 19 37 36 38 12 1 33 39 
301 14
35 40 34 29 34 33 34 14 18 24 11 12 15 29 
138 8
30 9 40 8 30 12 30 36 
369 19
37 40 4 4 12 35 22 35 26 8 17 34 25 27 34 29 24 5 33 
128 8
30 11 12 15 11 28 24 5 
358 20
10 10 8 1 19 5 16 27 10 24 27 13 1 11 37 36 2 27 12 30 
190 8
11 7 36 22 9 23 38 23 
122 5
33 6 29 7 10 
365 19
21 6 19 22 16 1 8 14 15 12 36 17 15 2 18 31 15 31 37 
182 12
26 39 14 33 38 39 26 3 38 13 20 8 
131 7
36 40 19 30 6 35 40 
112 6
36 23 33 14 1 39 
302 18
9 4 38 6 15 2 39 23 10 17 39 20 19 2 27 24 38 16 
81 5
21 2 23 3 9 
337 16
28 34 5 25 20 22 19 4 29 38 40 18 2 12 25 24 
329 16
2 36 16 17 38 40 21 13 14 2 30 9 28 39 25 5 
284 15
39 4 6 1 25 34 26 13 6 8 8 38 25 25 31 
246 15
6 15 31 23 39 7 19 22 25 38 17 15 30 29 8 
338 14
1 20 39 11 25 20 37 9 33 39 15 28 40 35 
16 3
39 3 3 
46 3
17 30 34 
141 9
14 7 5 26 23 3 21 2 21 
87 4
34 24 32 15 
359 16
12 19 11 5 28 8 25 32 22 10 39 2 31 14 13 16 
22 3
3 37 24 
225 14
9 13 2 30 24 10 28 13 12 34 33 11 40 33 
183 8
23 10 8 39 1 32 12 15 
154 8
4 30 10 7 8 37 33 31 
386 20
8 30 3 38 6 37 29 13 35 27 34 1 40 32 19 28 17 19 35 1 
272 14
3 8 24 21 28 34 31 38 4 17 35 27 38 15 
17 3
5 35 27 
325 14
1 13 21 32 37 20 24 38 30 2 26 33 35 25 
46 3
9 29 38 
224 11
27 38 22 39 12 13 32 33 4 22 32 
48 3
10 12 1 
317 20
35 36 2 17 28 29 14 30 14 22 24 10 17 4 8 26 3 31 38 2 
150 8
27 8 12 38 6 5 39 32 
192 8
32 18 6 14 12 21 21 11 
388 16
11 39 40 20 8 10 40 40 37 21 37 14 19 31 34 7 
160 10
15 15 14 27 30 32 29 40 2 22 
166 9
34 6 31 10 22 21 9 23 3 
147 7
8 19 30 24 21 36 27 
217 14
15 14 16 19 34 4 14 27 32 21 15 18 15 33 
445 18
18 13 13 38 11 14 17 31 30 29 10 27 25 1 23 10 1 34 
239 13
8 8 35 26 34 12 34 14 25 4 36 3 22 
173 7
9 25 32 35 36 8 34 
17 3
21 23 21 
18 3
37 35 16 
237 11
24 3 8 30 12 12 35 1 14 14 2 
93 6
1 36 32 31 13 16 
200 12
15 1 27 35 9 20 6 37 33 23 13 12 
144 8
38 9 37 11 11 23 22 14 
331 20
36 5 11 27 27 19 2 24 4 2 21 16 39 20 4 29 10 9 15 14 
337 20
3 36 13 4 33 9 4 34 29 36 38 29 29 12 34 26 22 3 11 29 
369 17
36 14 6 5 39 26 1 34 6 21 9 35 34 6 29 2 33 
330 17
33 23 22 27 36 21 32 8 18 24 9 34 36 12 4 23 12 
426 20
27 32 4 29 28 40 5 25 14 36 25 15 23 28 28 6 27 7 30 21 
309 18
19 37 38 4 3 21 12 26 24 36 17 16 5 7 9 2 16 19 
113 6
24 33 19 18 37 20 
146 7
4 3 32 1 16 39 8 
202 11
14 15 17 33 11 2 2 7 6 14 25 
153 10
35 34 28 28 1 40 2 6 15 21 
21 3
13 14 38 
343 18
14 40 12 6 29 19 29 11 13 5 15 24 34 37 28 27 27 22 
103 5
28 32 20 32 7 
286 18
14 28 22 33 28 20 5 18 2 9 23 25 9 9 2 17 23 1 
94 5
25 15 25 20 30 
295 15
24 33 12 18 15 4 12 20 11 38 4 39 25 13 27 
174 10
9 28 29 34 23 32 30 14 38 15 
84 5
24 16 12 14 13 
374 19
11 14 35 30 15 35 14 30 19 26 34 39 32 13 24 29 30 9 6 
206 12
32 9 22 19 38 8 23 39 3 4 27 27 
156 10
26 32 4 39 31 18 37 32 7 31 
330 14
5 24 22 6 19 30 26 35 26 28 25 5 37 38 
179 8
12 10 39 11 16 11 13 10 
336 17
38 34 17 31 6 13 32 38 32 2 36 14 33 37 37 9 32 
146 6
20 25 17 27 23 39 
141 9
27 29 18 29 20 28 30 1 6 
219 9
38 12 8 26 32 7 5 35 10 
156 10
22 26 26 17 21 18 16 31 38 10 
138 6
36 24 18 11 8 36 
53 3
1 35 10 
137 9
6 20 33 14 13 3 24 32 10 
353 18
1 25 4 18 9 31 9 29 2 13 38 5 20 22 30 24 17 13 
20 3
36 24 16 
317 18
15 15 34 14 39 7 25 15 36 30 33 25 25 33 25 23 16 34 
53 3
5 1 3 
272 14
31 18 38 7 12 38 26 37 38 40 11 19 26 8 
92 5
6 37 16 29 19 
67 3
38 27 8 
273 14
26 27 10 5 15 26 40 7 10 13 20 16 37 22 
127 8
33 17 30 2 11 11 35 36 
119 7
17 38 17 14 30 12 5 
385 18
6 39 29 7 10 9 22 26 17 21 37 31 25 28 9 17 5 21 
83 4
7 22 31 6 
128 7
17 28 27 18 39 40 35 
290 16
8 28 35 7 23 3 40 27 16 27 35 31 27 40 17 23 
301 20
13 37 5 38 11 39 33 25 2 21 1 4 17 22 8 20 9 11 13 20 
434 19
28 18 36 14 30 12 3 20 17 22 22 35 10 39 37 30 18 25 39 
66 3
2 20 24 
182 8
21 17 9 40 30 34 20 12 
184 12
40 22 15 14 20 35 10 36 3 22 17 18 
310 13
8 16 28 25 23 40 2 9 5 35 9 2 33 
174 9
17 18 34 2 26 19 16 15 13 
136 7
5 7 22 25 1 15 17 
355 17
19 12 2 26 32 32 20 21 18 17 24 25 25 26 38 23 27 
352 16
22 7 34 25 10 31 6 27 26 11 17 36 34 4 13 17 
351 17
13 31 11 36 13 31 36 37 2 1 25 10 15 11 3 7 17 
90 5
18 23 27 37 29 
121 6
34 39 35 34 16 1 
320 19
26 4 26 17 34 31 33 30 40 24 18 10 34 40 14 1 13 26 22 
238 12
4 14 28 35 37 18 12 30 25 7 12 23 
358 19
25 3 31 27 26 21 6 27 21 18 3 25 35 25 31 36 1 7 27 
58 3
12 28 16 
92 6
38 38 30 13 32 19 
47 3
40 20 1 
16 3
25 33 36 
281 14
40 29 8 20 27 10 36 27 5 8 15 5 9 27 
138 6
28 34 25 26 18 18 
343 16
14 18 40 17 36 34 35 11 13 25 40 9 31 35 33 17 
36 3
32 1 16 
15 3
39 22 8 
56 3
22 20 22 
188 11
23 23 9 2 19 8 26 7 23 7 35 
397 18
1 6 25 4 18 14 9 11 16 27 19 33 17 39 2 23 37 27 
45 3
33 11 36 
210 12
36 9 1 22 24 39 13 9 25 6 28 23 
71 4
17 13 33 2 
76 4
37 19 40 4 
125 6
38 28 21 31 3 16 
173 10
1 34 18 27 22 26 3 26 20 6 
346 14
9 6 33 2 21 23 37 9 40 37 33 26 39 39 
351 17
28 2 3 6 23 5 20 13 18 11 1 15 40 1 19 32 1 
249 11
16 31 17 17 33 24 7 8 36 23 16 
116 7
27 38 39 27 5 6 26 
177 9
19 27 6 31 10 20 40 34 39 
365 18
3 34 2 11 28 14 29 29 36 30 27 10 24 12 22 20 32 13 
280 15
11 5 17 39 7 28 34 4 12 8 34 22 14 15 23 
153 8
7 36 16 14 7 11 20 26 
423 17
13 40 40 7 34 26 26 12 5 28 32 8 20 40 37 36 33 
290 13
40 38 7 10 26 7 20 20 34 36 29 22 29 
231 10
19 35 36 4 35 37 25 32 26 3 
217 12
16 15 39 24 19 16 3 24 32 24 33 21 
252 11
19 19 38 2 1 29 17 34 13 13 23 
120 8
39 35 28 15 24 5 25 35 
142 7
33 32 20 1 39 9 29 
19 3
12 7 28 
200 9
40 39 21 36 35 17 28 37 15 
19 3
30 5 17 
314 15
13 20 22 23 5 4 20 10 28 38 27 17 28 10 24 
415 20
5 37 30 19 37 19 33 7 18 36 29 17 9 23 35 14 36 17 17 23 
284 17
33 10 37 27 23 3 16 17 26 33 40 36 18 5 35 4 25 
413 20
38 34 34 21 16 35 26 22 23 9 36 27 1 12 29 10 33 18 34 9 
303 15
11 33 10 14 20 20 3 23 3 10 15 10 15 39 35 
134 7
13 29 14 24 28 39 14 
307 18
17 33 6 33 13 29 37 12 16 36 30 37 13 37 39 30 21 17 
108 5
6 15 12 29 19 
103 5
23 5 24 13 26 
249 12
16 31 27 9 16 5 22 30 22 20 23 4 
311 13
8 6 11 10 40 29 20 29 21 32 19 1 17 
220 9
6 11 19 17 21 16 25 27 33 
393 20
3 6 17 14 26 28 13 39 6 25 39 40 33 29 17 39 19 39 6 20 
217 10
39 24 22 4 31 27 27 4 5 21 
221 9
7 31 26 33 1 18 14 27 29 
317 18
33 15 13 10 3 11 12 36 11 32 25 31 1 26 8 35 28 18 
138 6
34 16 20 38 29 30 
110 7
10 1 2 40 2 27 21 
257 12
40 17 30 31 18 6 6 15 10 15 33 31 
313 20
14 38 18 1 26 34 32 3 17 15 33 15 17 11 34 26 13 28 2 22 
116 5
6 40 39 28 29 
250 15
33 40 21 16 19 33 37 23 30 37 20 39 24 40 16 
270 18
32 23 21 38 7 16 7 4 13 39 36 6 29 39 1 22 30 5 
146 6
34 14 9 34 16 30 
321 17
2 20 25 4 20 12 10 3 7 11 8 1 10 24 29 28 4 
18 3
7 19 24 
23 3
30 19 37 
271 11
4 29 20 27 31 36 30 40 22 38 26 
258 15
19 35 32 22 38 21 33 36 17 39 39 21 6 14 5 
326 14
31 17 2 11 30 29 38 40 36 14 18 32 12 18 
329 14
12 5 23 28 1 9 37 35 40 38 1 22 24 22 
299 12
16 20 4 6 7 2 25 4 30 16 25 16 
102 6
5 14 21 16 29 31 
65 4
35 21 19 39 
92 5
9 31 20 21 31 
250 11
25 36 5 3 32 27 29 5 27 37 7 
313 13
26 13 28 7 20 13 12 17 31 18 27 11 31 
98 6
35 15 4 30 17 4 
361 17
16 16 15 23 20 3 25 21 16 18 17 21 25 25 18 16 6 
244 10
27 36 32 11 5 20 20 36 39 8 
120 6
33 7 23 38 34 32 
328 16
40 8 35 11 9 15 38 33 11 19 29 17 31 3 24 40 
43 3
34 32 33 
242 16
1 17 2 38 28 1 6 7 2 23 23 7 12 31 16 36 
71 4
33 16 18 13 
30 3
30 25 20 
294 14
2 25 24 1 25 29 38 14 3 19 3 34 10 19 
301 16
6 39 4 8 2 27 11 10 21 16 4 12 35 23 21 32 
289 16
31 35 23 17 11 16 13 35 23 14 29 16 1 26 4 23 
443 20
28 25 30 29 29 39 1 40 28 14 21 8 7 32 23 25 23 9 37 34 
190 10
40 7 3 16 25 39 26 24 22 18 
215 11
33 33 23 22 28 9 26 10 20 3 30 
139 7
16 21 27 33 6 23 4 
41 3
31 33 33 
45 3
1 11 9 
264 11
40 11 30 33 36 32 25 31 23 22 36 
210 12
39 13 16 27 15 13 5 26 13 22 22 16 
167 11
23 24 28 34 11 40 29 35 5 30 16 
17 3
25 31 17 
23 3
28 21 26 
273 17
16 8 10 12 1 23 37 20 31 40 6 40 10 22 32 5 8 
101 6
4 10 9 5 4 5 
226 15
38 5 32 28 26 1 20 36 29 22 33 28 1 20 27 
298 18
6 22 14 16 2 35 28 3 35 37 15 19 2 25 9 27 37 17 
18 3
5 22 25 
16 3
33 34 39 
487 20
24 38 17 35 22 14 1 24 33 21 13 34 25 34 18 26 13 1 8 7 
208 11
7 29 40 25 24 10 34 4 31 1 28 
268 11
28 24 2 6 40 12 39 2 39 24 39 
338 19
25 18 13 22 3 37 28 21 19 24 35 2 20 33 23 12 12 34 6 
48 3
32 3 15 
80 5
36 4 11 9 20 
195 11
20 9 30 12 12 16 24 38 10 1 8 
284 15
18 13 2 25 17 3 18 32 12 13 6 19 6 29 35 
170 7
9 6 30 18 33 2 40 
153 8
36 23 8 30 17 16 23 29 
73 4
6 30 18 10 
253 12
9 13 19 37 22 16 27 10 12 39 20 33 
158 10
39 15 13 9 17 12 28 24 32 15 
435 20
13 13 37 28 4 8 20 15 8 13 35 10 34 18 15 13 32 10 7 8 
336 20
13 28 38 24 12 3 30 28 2 33 17 7 24 38 35 33 23 26 37 25 
35 3
24 33 24 
57 3
30 38 40 
299 16
15 13 40 31 13 26 14 32 10 31 5 18 26 40 31 9 
142 9
29 26 15 25 12 5 38 36 30 
34 3
40 11 27 
21 3
2 19 27 
236 11
7 19 35 12 26 23 7 21 15 34 1 
166 7
34 16 33 19 26 11 17 
94 6
33 3 16 26 7 2 
280 14
34 31 32 15 24 18 21 10 3 6 3 23 29 15 
310 13
39 3 38 33 33 1 24 40 2 11 32 26 25 
263 15
20 26 17 10 12 15 23 11 18 39 38 39 12 9 24 
341 14
28 23 16 2 16 19 33 15 31 19 2 6 4 4 
137 6
40 20 33 35 5 32 
109 7
3 37 19 36 13 31 2 
228 13
3 30 38 27 29 39 18 19 16 25 6 20 22 
16 3
2 29 28 
187 12
32 31 38 38 10 4 17 21 24 15 15 10 
149 7
9 11 14 19 17 5 14 
183 12
32 23 11 28 5 9 35 20 24 30 18 22 
122 6
29 36 30 38 10 24 
145 8
31 12 10 19 5 17 13 32 
262 14
9 21 40 3 1 10 15 3 21 7 27 5 7 32 
74 4
6 29 30 28 
281 15
7 38 6 35 31 33 34 24 33 33 4 40 9 30 4 
187 10
36 6 33 40 16 9 40 8 31 35 
43 3
39 13 18 
83 4
6 7 1 18 
51 3
5 13 38 
290 16
8 7 22 16 1 33 6 28 19 5 12 30 23 26 3 10 
70 4
23 3 37 21 
215 10
12 17 36 15 38 35 10 3 12 10 
376 18
5 34 2 38 36 6 6 23 30 1 39 34 40 30 23 25 15 3 
246 16
13 9 5 2 33 7 27 10 32 5 34 35 37 39 5 14 
142 9
5 17 15 27 37 34 29 31 37 
31 3
27 30 21 
268 16
12 2 32 26 29 14 15 30 31 39 32 20 14 9 8 15 
423 18
30 23 17 30 9 20 26 2 8 1 1 8 22 23 7 30 25 4 
17 3
4 24 4 
243 12
31 40 10 33 17 6 7 37 4 5 19 29 
298 19
4 6 12 34 38 24 28 35 11 17 2 20 25 37 13 35 34 21 2 
77 4
32 3 24 20 
23 3
7 11 28 
345 19
36 28 20 11 36 4 40 35 9 25 34 9 39 1 8 5 34 14 13 
166 11
25 17 10 18 38 18 20 33 36 26 7 
286 18
35 36 11 7 23 36 14 17 7 39 17 4 35 40 2 6 35 5 
124 5
37 38 15 8 27 
92 4
2 30 16 20 
305 17
7 30 11 20 5 27 40 24 7 32 14 37 24 31 38 36 13 
149 8
6 24 14 32 37 30 36 39 
97 4
32 12 35 4 
121 6
8 19 17 36 22 17 
330 20
35 17 24 33 29 20 26 31 21 29 32 9 26 18 1 5 38 35 24 15 
45 3
35 21 23 
294 15
27 24 9 29 40 32 40 4 3 1 17 11 19 19 11 
299 14
6 16 13 10 19 33 10 1 21 7 28 5 23 17 
333 14
37 12 32 15 12 3 40 3 17 21 30 29 30 6 
52 3
35 1 20 
55 3
34 26 9 
198 13
4 2 28 9 38 13 16 31 39 16 14 31 7 
210 12
9 4 1 29 22 25 4 35 3 37 15 27 
120 6
20 9 3 22 15 21 
154 7
33 11 37 27 7 3 18 
49 3
8 23 26 
39 3
19 25 2 
115 7
13 39 34 34 2 23 37 
211 14
36 5 26 14 5 25 38 14 25 14 13 2 25 11 
279 18
18 21 4 22 24 37 12 21 9 14 14 32 14 13 12 15 40 17 
274 13
13 33 22 10 11 21 10 16 3 6 32 18 12 
93 4
25 3 5 34 
359 17
34 8 7 24 10 32 31 36 29 22 20 21 36 25 19 19 25 
363 19
39 18 36 31 23 36 1 22 26 33 5 7 13 5 6 26 5 30 35 
179 10
2 14 11 27 13 4 34 40 1 36 
189 8
30 1 2 38 30 4 5 22 
134 6
40 18 16 5 19 32 
90 4
13 16 21 22 
23 3
35 14 32 
37 3
40 21 16 
202 10
11 24 25 18 11 11 32 19 4 2 
38 3
19 24 14 
309 16
33 29 24 25 6 10 11 7 23 5 36 20 9 6 22 9 
126 8
28 16 30 5 34 32 21 26 
75 5
39 32 22 18 25 
94 5
33 20 31 8 40 
280 15
26 37 5 20 3 6 36 2 23 22 5 14 14 13 12 
159 10
24 26 6 31 27 32 18 14 12 27 
59 3
7 24 40 
307 19
26 24 31 21 26 15 22 34 36 8 34 28 29 25 13 39 1 5 32 
133 7
34 38 33 2 20 28 32 
56 3
21 22 26 
60 4
29 36 34 13 
56 3
38 10 13 
461 20
3 12 21 21 39 1 21 26 10 9 22 3 35 34 31 3 1 1 5 22 
336 20
26 34 30 28 15 29 40 25 31 9 18 38 6 7 11 24 9 11 10 25 
464 20
18 39 7 32 15 28 14 10 28 1 6 5 35 37 16 39 25 8 9 28 
272 16
22 38 28 17 20 5 40 14 22 2 5 10 16 6 11 13 
96 4
40 19 39 2 
70 4
10 6 5 39 
139 8
19 14 39 16 3 2 6 24 
227 12
24 11 6 3 23 32 36 11 13 17 3 9 
297 14
25 16 14 28 38 19 19 25 31 24 26 9 20 4 
49 3
4 4 26 
186 8
25 10 35 21 11 40 38 29 
422 17
14 16 24 28 20 22 11 16 21 40 14 27 6 6 10 37 22 
407 20
36 20 5 28 36 1 14 13 1 4 9 39 36 10 25 31 4 38 18 40 
346 16
39 28 27 30 1 40 22 8 40 19 26 20 11 15 31 36 
195 13
38 25 30 24 25 11 22 22 25 28 22 31 17 
83 5
19 1 12 11 35 
245 16
10 15 33 38 31 39 33 14 11 22 13 36 38 6 2 19 
96 6
11 29 35 9 28 36 
275 18
6 11 3 15 39 31 5 20 6 35 12 23 5 28 30 11 33 33 
370 15
22 28 22 18 9 26 2 16 8 35 4 18 13 30 3 
55 3
33 16 11 
353 15
6 3 23 1 26 11 25 24 3 7 29 39 32 6 27 
53 3
20 12 22 
276 16
9 2 19 28 12 40 20 33 31 35 22 23 39 21 21 35 
165 7
4 40 9 6 35 16 25 
94 5
39 30 28 21 20 
144 9
40 13 21 9 11 18 34 21 23 
100 6
3 8 20 11 11 37 
82 5
20 8 11 37 24 
293 17
37 38 7 7 34 4 33 15 19 32 18 22 10 1 27 8 2 
243 14
9 12 38 20 2 24 31 32 19 34 11 14 35 27 
145 8
15 9 23 18 40 4 7 6 
316 15
10 19 38 27 21 32 14 26 6 7 39 37 39 23 25 
143 7
4 10 5 19 10 33 31 
44 3
38 36 31 
201 10
35 2 24 33 40 29 7 14 10 40 
251 16
11 38 17 20 23 23 25 37 10 24 33 4 35 12 9 21 
36 3
19 30 26 
443 18
9 33 12 5 16 15 11 30 32 22 39 6 36 6 25 34 21 40 
137 8
10 22 32 20 19 15 28 40 
54 3
20 5 8 
169 7
10 37 23 4 37 18 12 
168 9
22 34 15 9 5 29 29 26 5 
85 5
32 3 32 21 23 
255 11
12 1 39 8 1 6 23 26 15 13 5 
313 13
6 27 27 12 1 5 22 27 7 16 14 12 5 
332 17
40 32 37 8 8 8 28 1 6 8 38 31 24 4 18 4 22 
278 16
1 35 32 30 14 11 9 11 9 33 22 31 17 24 19 16 
99 5
22 6 9 1 29 
101 6
12 26 2 37 13 30 
270 12
6 25 3 8 27 9 33 38 30 16 39 32 
373 19
18 40 34 36 29 4 11 20 6 37 40 24 39 40 39 22 8 4 7 
307 19
37 1 19 38 21 35 39 22 29 2 34 19 38 19 20 26 22 30 17 
350 17
6 13 19 22 37 3 8 9 19 11 6 11 40 10 8 14 14 
285 17
24 29 34 40 3 7 27 16 20 32 25 40 9 8 15 35 13 
127 8
13 1 40 19 32 27 33 33 
364 18
17 29 27 39 18 26 9 38 26 8 22 38 4 28 31 30 27 40 
301 13
12 6 6 20 17 15 17 38 33 17 9 17 30 
263 13
25 5 11 8 10 40 29 15 22 2 16 7 8 
328 14
10 34 22 24 37 12 1 32 16 33 23 23 11 5 
233 13
14 15 20 7 4 14 23 33 37 26 13 13 25 
96 6
3 14 39 26 38 39 
250 12
11 21 14 8 40 37 38 39 39 18 22 26 
224 13
3 2 30 18 23 9 3 29 33 17 21 18 30 
81 5
39 27 2 31 28 
343 19
15 2 37 15 8 6 8 40 4 1 15 5 40 6 1 18 25 10 7 
310 15
16 19 36 31 23 12 38 31 3 32 29 22 13 17 37 
18 3
12 32 9 
50 3
39 9 26 
58 3
21 34 38 
232 14
6 25 16 22 9 9 5 21 12 39 33 40 18 7 
256 13
38 15 23 12 35 3 30 35 28 11 24 2 7 
217 12
18 23 16 24 38 38 40 32 4 19 23 15 
122 8
38 15 12 9 39 12 38 24 
280 13
30 2 16 8 9 30 2 28 24 8 9 38 35 
164 7
20 10 8 3 7 1 33 
100 6
20 19 5 32 6 21 
232 10
25 14 21 31 12 7 19 28 12 8 
207 11
17 35 6 30 7 11 36 16 29 26 15 
326 14
3 28 10 27 28 26 21 9 16 11 38 14 17 17 
282 13
11 24 28 13 16 5 16 35 27 31 37 8 26 
158 8
2 27 20 23 33 14 9 13 
31 3
17 5 18 
141 9
40 38 21 38 30 31 15 21 38 
139 8
39 2 19 33 22 18 14 14 
129 7
14 32 17 35 39 29 36 
181 12
21 4 7 20 37 10 27 29 40 36 25 9 
266 15
24 34 32 7 1 7 10 3 21 4 14 7 27 27 35 
216 9
30 19 8 39 5 40 8 19 31 
31 3
11 14 5 
222 10
8 31 26 23 23 10 21 2 16 26 
127 7
24 20 7 39 26 10 7 
161 7
24 19 18 36 30 40 18 
262 16
13 8 21 24 16 36 13 17 6 23 38 11 30 26 26 8 
181 8
4 16 24 1 37 22 18 14 
203 9
5 37 15 29 16 3 16 2 27 
240 14
15 25 18 33 25 17 12 27 27 17 24 14 32 17 
106 6
19 19 20 32 25 28 
200 11
15 28 26 3 40 29 21 3 27 16 3 
268 16
40 40 19 27 14 31 21 22 14 29 7 39 29 13 26 20 
150 8
30 9 22 18 17 26 7 26 
65 4
26 8 21 32 
22 3
4 2 24 
98 5
19 8 26 21 30 
22 3
3 6 3 
87 4
8 10 11 12 
289 12
6 37 5 18 17 9 1 1 11 9 7 28 
288 19
39 16 17 18 21 7 22 12 14 10 6 11 12 14 9 9 27 18 40 
148 8
13 13 17 39 28 40 3 40 
96 4
11 17 37 39 
162 9
24 4 2 2 6 31 15 1 34 
294 15
5 23 5 10 22 4 28 2 23 24 39 2 35 22 6 
17 3
34 38 33 
170 11
9 16 10 30 32 20 36 27 40 14 30 
244 14
28 36 17 36 23 37 8 23 5 29 9 13 9 31 
381 18
7 17 27 28 15 31 28 6 32 24 14 40 27 23 10 1 8 21 
122 7
34 31 11 6 30 12 32 
52 3
3 21 26 
38 3
29 32 13 
275 18
31 32 23 31 29 28 33 11 20 38 34 1 37 13 14 40 33 10 
233 14
5 17 7 26 5 1 13 23 26 14 30 16 28 29 
482 20
11 16 27 40 9 6 3 9 40 30 23 34 8 21 7 34 11 2 37 38 
263 16
10 21 17 14 7 36 18 22 22 22 21 37 4 19 19 38 
288 15
20 31 40 36 7 26 33 35 39 18 1 9 34 39 38 
217 12
26 27 21 33 5 3 38 17 4 37 19 27 
98 5
1 39 17 40 9 
216 9
24 33 27 11 7 3 29 19 37 
53 3
25 39 38 
61 3
36 28 22 
284 18
19 1 25 7 15 12 6 37 25 26 27 26 1 25 30 3 12 38 
143 8
36 33 32 38 10 7 2 36 
114 7
38 6 28 4 16 18 15 
15 3
9 15 24 
260 12
34 4 30 33 24 28 19 20 24 18 11 24 
281 18
4 34 31 35 20 39 24 39 38 31 29 15 13 9 27 25 9 7 
177 8
32 6 31 1 6 19 40 39 
65 3
32 1 18 
73 3
27 1 18 
90 4
29 7 27 11 
162 10
39 21 38 16 36 13 37 31 30 36 
209 11
36 36 17 1 9 10 31 34 8 38 4 
94 6
7 15 13 36 22 6 
41 3
34 21 6 
125 7
11 30 28 16 8 40 4 
313 15
9 27 1 8 30 27 6 6 8 34 17 31 14 34 30 
188 10
9 3 1 9 14 27 1 19 26 2 
99 6
27 14 17 30 15 5 
461 20
16 13 4 11 28 6 5 5 6 34 33 31 38 18 6 33 17 17 11 32 
236 15
30 5 27 13 3 13 32 21 6 21 29 40 18 28 9 
309 13
14 19 21 8 9 38 40 40 11 31 37 21 39 
180 12
37 21 15 9 38 14 26 20 8 9 37 25 
150 9
14 24 32 29 7 14 40 8 14 
45 3
33 36 21 
217 13
16 4 13 35 10 11 29 36 24 34 8 6 1 
138 6
12 34 17 14 22 29 
402 17
18 33 19 10 13 14 19 40 39 7 11 3 36 8 18 15 15 
249 13
29 4 5 2 16 31 8 39 19 8 35 13 28 
364 19
29 21 33 21 13 35 38 16 18 11 8 31 21 26 5 4 15 5 21 
445 19
4 19 12 25 38 24 21 5 38 28 11 40 16 18 8 26 21 9 10 
250 14
17 6 11 29 34 21 3 33 27 28 32 25 22 21 
123 6
14 35 28 29 35 3 
128 7
28 12 18 34 33 23 1 
35 3
6 7 38 
48 3
13 28 34 
144 7
28 36 27 10 3 29 3 
323 15
36 25 5 25 19 22 32 21 24 6 9 40 30 31 10 
275 13
22 35 26 5 32 16 5 27 19 38 35 40 4 
258 16
34 37 37 27 26 36 28 24 22 20 29 40 38 13 33 37 
51 3
26 10 25 
148 8
20 40 16 3 3 33 28 32 
174 9
12 11 10 19 6 8 29 5 36 
146 6
4 22 10 35 25 27 
131 7
23 30 19 12 1 5 26 
91 4
29 1 6 26 
263 11
36 39 12 25 8 16 12 23 21 2 38 
99 6
22 24 16 10 14 3 
289 12
8 25 16 25 13 28 25 36 16 6 10 39 
256 16
10 20 28 23 9 20 24 12 32 12 17 19 20 19 27 32 
31 3
12 30 7 
342 18
22 36 36 19 40 2 21 15 25 19 34 17 34 14 32 32 13 14 
366 20
33 27 5 24 2 33 10 14 3 3 10 3 25 30 21 17 26 6 13 33 
135 7
26 11 37 29 7 29 15 
236 14
7 26 6 22 30 17 29 37 39 39 36 20 23 14 
169 9
24 37 29 22 31 25 22 8 28 
382 20
10 26 4 30 31 32 9 26 38 26 8 31 19 27 6 3 23 16 29 16 
261 17
6 38 29 17 19 25 5 4 40 16 13 4 8 18 7 18 21 
322 18
35 36 29 35 39 20 28 33 2 21 10 17 4 14 27 22 29 15 
471 19
28 18 6 4 33 17 6 32 27 15 35 23 4 21 31 27 10 15 39 
16 3
6 14 14 
123 5
32 36 4 24 24 
328 17
33 38 5 30 8 7 25 25 22 26 13 31 1 8 36 26 34 
49 3
39 29 7 
176 11
14 24 8 4 21 35 5 16 35 5 2 
149 6
18 19 14 39 20 30 
174 7
7 28 38 3 32 21 22 
347 16
7 29 38 4 19 25 38 40 15 21 12 14 26 38 31 12 
184 8
12 20 12 21 11 27 14 19 
70 4
3 6 22 36 
151 7
4 14 19 27 8 39 13 
289 19
37 20 19 8 11 2 27 13 7 25 25 36 23 20 9 25 22 37 36 
213 9
29 16 36 3 35 23 35 36 11 
92 4
25 2 29 1 
77 5
14 17 21 22 16 
378 20
15 8 34 20 27 29 26 5 5 28 30 39 32 3 3 3 28 23 18 29 
284 13
10 30 38 5 27 2 30 26 19 10 30 2 40 
154 8
6 11 34 10 35 3 9 15 
142 8
13 11 9 20 22 4 8 14 
125 6
5 12 15 33 24 25 
128 7
36 7 37 9 12 22 11 
16 3
12 13 10 
163 7
11 2 28 10 18 26 12 
100 6
5 16 40 31 16 32 
37 3
10 8 16 
132 7
10 27 35 5 5 31 20 
276 14
14 12 23 6 8 38 19 29 7 1 18 10 15 10 
479 20
33 30 9 18 24 23 19 24 18 21 39 15 25 8 4 25 27 24 32 13 
250 13
26 14 12 3 12 18 21 9 35 4 8 37 22 
472 20
34 26 6 27 7 38 17 27 1 37 5 14 35 6 20 39 37 20 17 23 
156 10
3 1 17 40 15 24 27 13 20 31 
316 16
18 14 18 19 4 2 24 33 16 33 21 12 27 2 38 34 
243 10
14 27 37 27 36 34 35 8 5 8 
256 13
12 28 27 39 23 26 11 2 8 11 27 28 15 
114 7
6 2 5 23 18 1 37 
413 19
25 40 16 22 29 12 21 33 35 2 6 37 34 27 9 10 4 21 6 
260 11
26 38 39 37 37 10 34 19 24 32 21 
246 16
21 6 31 26 11 14 37 31 29 27 28 37 22 40 15 15 
133 7
7 4 35 36 28 11 38 
204 10
23 37 21 31 12 30 9 31 19 13 
41 3
7 5 20 
210 14
6 38 20 19 10 33 7 39 39 10 11 34 33 30 
215 14
24 11 10 20 9 38 25 17 29 7 17 19 27 21 
291 13
3 2 28 30 30 24 2 28 18 5 39 35 23 
302 16
13 2 13 8 19 25 29 16 40 2 9 12 8 36 40 19 
87 4
8 9 6 36 
15 3
8 17 35 
246 13
37 40 21 14 4 30 29 26 10 32 21 8 31 
43 3
35 38 22 
362 17
5 16 33 34 1 3 3 9 27 34 2 11 25 25 26 12 33 
214 13
22 10 10 29 15 15 28 39 17 39 29 34 30 
103 5
39 28 4 36 20 
19 3
1 34 18 
239 13
22 33 24 3 20 8 10 21 26 24 35 24 14 
111 6
6 16 8 37 25 6 
85 5
21 32 37 27 35 
189 12
13 17 35 24 13 9 24 12 7 22 22 22 
45 3
17 30 14 
16 3
4 23 31 
198 9
21 18 36 15 32 1 38 12 9 
345 18
40 30 20 14 37 5 37 10 14 4 32 4 5 16 19 3 21 6 
110 5
30 11 30 18 12 
115 5
34 36 37 10 37 
144 9
19 24 2 21 8 37 31 23 24 
123 7
13 12 22 21 14 2 10 
82 5
20 28 24 17 11 
55 3
29 27 8 
171 7
21 18 17 16 12 28 23 
79 5
23 1 17 39 4 
165 8
11 33 38 19 2 33 18 38 
18 3
12 28 24 
163 9
19 23 13 18 18 26 14 37 29 
232 15
33 13 30 13 38 28 6 12 12 24 2 31 33 5 39 
249 15
10 33 28 36 18 29 16 18 12 9 25 18 7 21 7 
45 3
22 33 19 
344 15
34 19 39 26 20 12 34 8 20 40 18 26 7 1 19 
275 18
1 40 10 17 4 33 11 35 19 40 9 14 21 25 15 28 11 27 
215 13
18 15 21 14 24 21 40 39 29 17 26 14 36 
110 6
18 1 35 24 22 27 
168 8
33 35 22 26 15 11 31 15 
292 19
15 9 29 11 25 13 35 8 1 35 6 25 4 20 7 29 25 24 11 
308 16
19 24 25 6 39 35 11 40 4 40 26 1 12 35 21 9 
154 9
4 3 26 2 35 21 11 40 33 
33 3
15 22 30 
377 16
30 11 19 1 12 21 25 37 38 29 37 37 29 10 11 27 
168 8
14 21 12 4 7 19 10 19 
382 17
37 40 22 2 26 25 16 33 5 19 14 15 10 20 18 39 35 
172 8
9 32 38 21 12 22 29 20 
19 3
11 12 34 
155 7
37 37 26 6 4 17 23 
324 20
10 12 29 28 39 38 2 31 13 30 1 12 12 15 34 11 23 34 29 5 
349 16
5 3 35 18 21 33 25 10 29 24 4 38 8 1 27 4 
378 19
1 33 18 6 27 30 11 18 36 31 38 33 38 24 31 26 33 40 18 
308 15
2 34 35 25 19 31 31 29 37 5 22 39 26 9 21 
128 8
16 16 6 1 30 35 2 36 
261 16
11 8 22 16 35 39 29 12 2 17 36 33 18 12 24 9 
269 15
13 17 25 20 7 32 8 33 26 4 17 22 14 10 33 
140 9
18 39 16 38 20 33 6 10 32 
156 9
13 27 25 1 12 19 40 34 20 
287 13
22 3 21 37 8 23 6 3 1 20 35 5 10 
74 4
37 18 1 20 
245 13
2 40 14 37 34 32 2 13 17 9 9 20 16 
484 20
6 16 10 12 35 26 25 1 16 2 5 12 27 36 40 21 4 17 15 18 
302 20
4 38 19 37 18 12 3 30 8 38 1 8 30 7 4 32 9 36 12 25 
348 19
13 36 12 10 34 9 26 25 33 37 16 39 3 38 37 19 5 25 39 
93 6
16 35 34 15 19 1 
161 10
13 39 27 21 24 4 18 33 27 32 
309 20
11 11 18 2 16 35 37 2 18 26 4 40 11 22 19 37 15 35 28 16 
18 3
7 18 26 
210 13
15 13 13 25 17 22 23 20 18 30 33 11 39 
103 5
16 38 3 8 38 
163 10
34 32 13 27 12 39 33 4 23 24 
384 16
5 23 34 35 34 5 40 10 34 28 2 9 40 16 17 16 
167 7
19 39 12 20 29 34 27 
180 10
2 21 1 8 22 22 2 39 10 14 
149 9
31 29 22 28 26 11 25 17 28 
285 15
6 2 29 16 16 5 5 11 16 20 2 20 29 17 32 
39 3
18 19 17 
225 15
26 30 11 17 30 19 4 30 22 40 38 15 25 16 23 
122 8
6 20 12 32 32 25 14 21 
67 3
32 19 21 
67 4
33 33 29 2 
393 19
17 28 4 38 34 33 16 17 9 36 20 24 9 31 25 11 25 1 18 
292 13
29 36 25 33 17 12 38 27 14 24 39 34 3 
175 11
25 7 16 37 23 4 16 28 38 36 16 
270 15
24 21 4 37 15 28 39 30 25 33 5 15 7 22 31 
276 15
11 11 25 19 37 22 23 7 27 24 40 11 15 32 33 
113 6
5 13 1 32 18 19 
40 3
31 19 28 
151 10
31 7 36 12 22 9 36 6 8 29 
123 6
10 26 22 16 8 35 
141 7
12 8 3 23 12 33 16 
37 3
8 6 21 
257 12
12 25 33 2 18 16 24 12 19 39 7 29 
41 3
18 21 14 
274 11
34 5 26 31 16 3 27 27 12 11 31 
220 9
14 25 17 15 4 2 24 40 15 
118 5
32 21 38 38 26 
280 13
26 15 24 19 8 17 8 32 3 5 31 22 31 
411 19
40 36 17 21 3 20 28 7 23 12 11 34 32 5 5 39 25 29 39 
72 4
19 28 34 35 
45 3
25 22 36 
403 20
4 35 23 12 27 31 16 25 11 1 1 19 28 23 31 8 31 3 24 34 
394 18
5 36 28 11 38 10 5 3 7 39 32 25 6 13 2 14 31 19 
231 13
5 10 11 34 35 30 7 5 10 16 7 6 29 
94 6
27 20 3 39 12 35 
54 3
3 8 30 
276 18
30 25 12 25 14 20 16 8 38 21 6 31 7 37 7 2 20 9 
275 16
32 4 15 29 31 27 6 26 24 33 25 19 9 3 15 17 
131 8
31 1 9 13 2 11 38 23 
297 16
34 39 35 11 20 27 12 25 10 39 9 38 18 13 6 36 
294 14
3 34 21 11 26 5 24 7 32 28 7 3 13 9 
284 15
34 1 19 34 32 15 4 5 40 15 39 15 25 32 24 
229 15
16 1 35 33 13 12 19 2 10 29 3 40 40 14 10 
381 19
20 12 35 3 14 21 36 20 34 28 21 1 13 12 17 3 23 12 24 
242 12
7 25 14 13 25 22 1 35 32 28 14 40 
58 3
35 33 24 
76 5
11 2 14 8 10 
363 16
35 28 26 9 25 5 1 38 12 4 38 13 6 6 29 19 
272 16
23 15 7 7 24 4 31 22 8 32 29 12 11 31 30 26 
294 13
17 16 25 40 8 2 1 19 4 31 8 7 25 
41 3
20 21 40 
140 8
38 26 11 7 29 38 31 16 
60 4
8 26 21 25 
138 7
9 35 19 8 27 16 33 
141 9
9 14 11 10 30 22 32 16 19 
172 7
13 35 34 5 38 28 35 
146 9
15 35 30 22 22 4 23 5 20 
247 10
2 20 2 8 8 12 33 34 40 16 
459 19
17 3 34 27 19 14 28 26 25 32 33 13 30 27 19 20 4 37 24 
21 3
11 15 23 
330 19
27 17 36 7 27 19 27 11 12 24 25 16 19 21 29 8 37 20 28 
299 17
35 2 3 18 2 38 36 6 40 4 26 19 17 13 32 12 33 
95 5
32 23 26 31 1 
218 14
31 30 40 14 21 26 16 39 40 17 29 10 18 17 
67 4
20 19 18 30 
108 6
6 28 22 22 2 5 
338 14
22 22 32 8 7 9 33 31 3 37 19 3 15 10 
266 12
31 40 39 26 2 30 10 19 40 3 30 5 
197 11
4 31 2 30 30 28 28 32 24 7 11 
322 16
40 36 5 15 1 1 26 7 28 26 15 20 9 26 39 19 
363 19
25 17 2 1 22 25 34 20 37 13 40 6 35 6 15 14 38 33 37 
129 6
33 39 35 8 4 37 
262 13
22 9 40 25 26 28 38 11 32 30 36 17 17 
23 3
2 29 3 
213 9
14 19 10 28 13 13 16 33 14 
418 20
35 37 16 5 24 12 7 22 23 3 11 37 20 18 2 15 18 33 32 38 
322 15
7 4 37 31 17 27 33 36 24 9 10 16 24 31 38 
385 18
2 29 16 37 25 31 1 5 35 3 19 28 24 20 28 16 17 14 
286 16
15 20 15 2 26 6 17 17 26 39 21 35 26 3 9 15 
242 14
40 36 7 9 1 1 3 18 11 39 26 18 12 6 
97 4
9 38 1 17 
161 10
30 25 1 28 15 27 33 23 26 37 
167 11
26 5 14 16 21 18 31 32 27 17 6 
361 20
38 11 5 21 11 25 21 11 8 20 14 35 16 13 13 37 35 23 17 5 
55 3
7 13 16 
154 8
16 13 35 32 20 37 2 2 
309 19
16 26 38 22 25 1 26 3 23 24 3 31 33 8 9 23 16 6 1 
266 11
3 23 23 32 32 24 36 40 22 2 13 
95 5
38 20 32 13 23 
357 17
5 15 12 27 40 10 20 11 14 37 35 5 8 29 24 7 31 
134 8
32 29 35 26 25 20 1 35 
337 19
8 36 24 25 6 21 34 35 29 14 4 19 22 9 32 24 29 29 16 
118 6
29 8 8 14 25 23 
347 15
10 11 40 3 10 25 33 24 38 3 36 31 11 10 4 
77 4
7 21 21 33 
62 4
27 36 22 19 
188 10
11 5 33 10 32 1 10 32 10 26 
19 3
23 26 35 
53 3
22 23 14 
324 16
30 10 30 20 29 10 6 17 2 17 4 29 37 8 24 15 
159 8
26 12 28 24 14 6 15 4 
148 6
28 26 40 7 26 31 
255 15
17 12 7 29 32 29 9 40 39 14 14 4 38 19 38 
142 7
37 32 19 26 8 37 10 
253 16
11 21 9 25 24 9 38 28 37 22 12 12 6 10 17 8 
116 7
7 10 28 3 25 26 21 
199 10
4 12 26 19 1 7 4 6 40 28 
326 14
5 16 15 17 34 33 15 15 13 22 12 18 13 27 
167 10
40 33 14 34 5 1 5 23 25 16 
382 16
12 38 31 5 6 34 36 21 16 31 36 26 25 17 32 12 
47 3
21 12 21 
60 3
2 21 1 
175 11
21 3 39 40 21 26 33 32 24 8 36 
17 3
23 13 23 
389 19
18 11 2 40 22 1 24 6 33 28 10 34 22 28 22 27 10 14 5 
19 3
16 26 7 
201 13
23 38 40 35 12 40 4 32 37 3 31 39 9 
149 9
17 14 29 7 4 39 18 6 14 
85 5
38 11 28 29 6 
69 3
3 32 11 
272 18
4 6 11 27 36 10 25 11 20 5 10 20 39 10 4 19 13 16 
15 3
32 34 38 
191 10
20 29 37 27 10 13 21 4 28 4 
217 12
16 9 30 35 1 31 32 33 23 3 3 6 
209 10
26 38 36 4 38 6 4 21 14 40 
375 18
36 26 29 36 36 22 14 11 37 32 6 27 21 6 33 8 4 18 
71 4
10 38 15 33 
17 3
13 26 18 
71 3
3 39 27 
170 8
20 19 18 8 6 35 32 15 
350 19
30 38 4 23 35 9 3 36 25 20 37 40 14 34 13 38 20 30 31 
114 6
17 20 25 36 19 13 
156 8
14 9 36 6 22 35 6 12 
286 19
1 21 35 38 32 31 40 25 29 13 28 27 35 19 30 18 21 36 35 
195 13
27 21 15 12 38 23 33 33 20 40 3 29 9 
327 14
37 15 4 34 25 15 19 19 7 11 30 13 38 5 
18 3
10 36 4 
304 18
29 13 20 33 40 22 13 4 22 26 29 22 38 6 23 32 39 2 
404 17
8 7 15 28 20 26 4 33 4 27 15 11 3 19 8 37 8 
60 4
9 23 20 2 
274 11
21 30 30 11 15 7 3 39 3 39 32 
337 20
2 39 4 18 21 11 38 27 8 30 4 4 25 20 26 20 33 7 8 37 
467 19
35 10 39 22 30 26 27 22 36 2 20 6 28 40 40 40 22 5 19 
187 10
2 36 19 23 10 29 11 1 40 35 
177 8
9 18 9 36 37 19 2 21 
100 6
6 25 16 31 36 31 
405 19
17 12 34 31 37 3 38 14 23 22 39 15 33 10 36 36 29 24 40 
356 15
9 33 38 24 18 13 35 39 4 25 21 17 24 29 18 
130 8
15 16 15 19 27 39 22 13 
214 11
27 34 26 26 28 36 19 5 37 7 25 
195 8
32 21 25 26 13 40 27 8 
292 19
21 6 39 29 8 24 35 8 36 19 18 18 30 3 25 22 22 10 38 
305 14
5 29 24 8 35 14 21 25 28 20 23 17 34 2 
413 17
13 14 16 37 13 27 28 7 4 38 13 15 14 32 40 17 34 
216 11
17 15 35 25 12 26 25 8 20 11 30 
320 15
7 6 32 4 21 14 23 15 29 20 5 24 31 20 40 
212 12
9 7 28 1 15 37 4 5 36 28 40 1 
198 12
26 30 36 36 27 29 11 35 23 19 3 29 
314 19
1 39 23 19 33 28 38 34 33 11 33 27 38 16 35 35 12 18 39 
232 15
34 28 29 18 18 4 8 9 35 32 19 11 28 10 33 
229 13
16 38 28 16 14 32 24 30 1 26 15 15 27 
98 4
14 3 12 36 
315 15
2 39 29 25 25 27 26 23 24 39 24 2 28 7 35 
191 9
34 31 30 13 36 6 22 2 30 
327 17
8 27 19 33 8 14 6 25 16 40 5 35 13 28 40 31 20 
162 10
32 30 15 2 10 36 21 5 33 23 
79 5
26 17 14 30 34 
315 13
38 19 2 5 29 14 5 26 26 14 33 34 35 
210 12
15 36 26 36 35 4 18 15 31 5 17 40 
214 12
19 17 1 7 13 39 17 2 1 25 1 7 
31 3
7 33 15 
110 6
25 19 25 26 6 6 
332 19
3 8 23 2 40 12 14 18 19 4 35 4 40 3 36 17 22 27 35 
396 20
1 27 40 37 5 30 36 24 30 38 22 10 21 11 31 40 40 29 37 24 
202 11
18 35 29 24 2 2 19 3 8 38 31 
255 17
39 21 2 35 9 7 40 17 8 38 38 11 21 32 5 40 16 
17 3
22 7 29 
356 17
2 35 5 38 9 29 22 14 25 14 30 17 27 18 13 26 34 
280 18
11 26 39 29 35 2 14 34 17 13 14 6 21 5 1 8 16 26 
303 16
37 22 24 8 18 19 37 14 14 21 36 11 13 36 28 36 
165 10
35 38 14 4 20 28 15 17 19 19 
327 14
36 30 27 12 4 10 5 36 35 16 14 15 21 32 
410 20
39 12 5 17 40 12 15 23 33 33 11 2 31 26 12 12 12 4 26 28 
61 3
15 23 8 
247 11
29 32 35 16 1 28 10 23 6 28 4 
325 20
14 15 26 21 10 20 15 31 12 30 21 22 19 27 18 39 2 30 38 8 
89 4
5 13 4 6 
246 13
25 21 5 35 7 26 21 2 39 28 12 16 40 
359 17
27 33 4 12 23 9 21 34 16 29 9 25 7 4 1 36 3 
188 10
18 31 10 25 39 32 39 24 29 27 
400 18
27 28 19 31 39 22 16 10 4 8 20 36 3 40 11 3 28 40 
442 18
3 21 32 23 40 21 12 35 29 20 36 31 40 37 40 16 19 24 
166 11
6 16 11 16 1 4 20 28 18 30 4 
336 16
21 5 40 2 9 28 34 13 18 27 34 16 35 5 4 22 
104 6
32 23 22 24 38 2 
260 11
10 5 37 34 21 38 12 21 26 2 26 
221 9
22 31 17 21 22 6 3 29 33 
96 5
23 23 34 35 28 
344 15
21 8 40 7 17 8 23 37 13 22 1 25 24 35 14 
131 6
2 37 38 39 10 34 
103 6
29 30 1 29 16 13 
309 19
11 6 23 16 10 2 1 34 23 24 2 22 32 35 2 19 16 27 34 
